# #Lats  #Lons  Spacing (deg.) for LQ phase velocity grid indicies
     36     72      5.000

# Co-Latitude Range:   0.000 to   5.000 deg.
  1  1  1  1  1  1  1  1  1  1  1  1  1  1  1  1  1  1  1  1  1  1  1  1  1
  1  1  1  1  1  1  1  1  1  1  1  1  1  1  1  1  1  1  1  1  1  1  1  1  1
  1  1  1  1  1  1  1  1  1  1  1  1  1  1  1  1  1  1  1  1  1  1

# Co-Latitude Range:   5.000 to  10.000 deg.
  1  1  1  1  1  1  1  1  1  1  1  1  1  1  1  1  1  1  1  1  1  1  1  1  1
  1  1  1  1  1  1  1  1  1  1  1  1  1  1  1  1  1  1  1  1  1  1  1  1  1
  1  1  1  1  1  1  1  1  1  1  1  1  1  1  1  1  1  1  1  1  1  1

# Co-Latitude Range:  10.000 to  15.000 deg.
  1  1  1  1  1  1  1  1  1  1  1  1  1  1  1  1  1  1  1  1  1  1  1  1  1
  1  1  1  1  1  1  1  1  1  1  1  1  1  1  1  1  1  1  1  1  1  1  1  1  1
  1  1  1  1  1  1  1  1  1  1  1  1  1  1  1  1  1  1  1  1  1  1

# Co-Latitude Range:  15.000 to  20.000 deg.
  1  1  1  1  1  1  1  1  1  1  1  1  1  1  1  1  1  1  1  1  1  1  1  1  1
  1  1  1  1  1  1  1  1  1  1  1  1  1  1  1  1  1  1  1  1  1  1  1  1  1
  1  1  1  1  1  1  1  1  1  1  1  1  1  1  1  1  1  1  1  1  1  1

# Co-Latitude Range:  20.000 to  25.000 deg.
  1  1  1  1  1  1  1  1  1  1  1  1  1  1  1  1  1  1  1  1  1  1  1  1  1
  1  1  1  1  1  1  1  1  1  1  1  1  1  1  1  1  1  1  1  1  1  1  1  1  1
  1  1  1  1  1  1  1  1  1  1  1  1  1  1  1  1  1  1  1  1  1  1

# Co-Latitude Range:  25.000 to  30.000 deg.
  1  1  1  1  1  1  1  1  1  1  1  1  1  1  1  1  1  1  1  1  1  1  1  1  1
  1  1  1  1  1  1  1  1  1  1  1  1  1  1  1  1  1  1  1  1  1  1  1  1  1
  1  1  1  1  1  1  1  1  1  1  1  1  1  0  0  0  0  0  0  0  0  0

# Co-Latitude Range:  30.000 to  35.000 deg.
  1  1  1  1  1  1  1  1  1  1  1  1  1  1  1  1  1  1  1  1  1  1  1  1  1
  1  1  1  0  0  0  0  0  1  1  1  1  1  1  0  0  1  1  1  1  1  1  1  1  1
  1  1  1  1  1  1  1  1  1  1  1  1  0  0  0  0  0  0  0  1  1  1

# Co-Latitude Range:  35.000 to  40.000 deg.
  1  1  1  1  1  1  1  1  1  1  1  1  1  1  1  1  1  1  1  1  1  1  1  1  1
  1  1  0  0  0  0  0  0  0  0  0  0  0  0  0  0  0  0  0  0  1  1  1  1  1
  1  1  1  1  1  1  1  1  1  1  1  1  1  0  0  0  0  0  0  0  1  1

# Co-Latitude Range:  40.000 to  45.000 deg.
  1  1  1  1  1  1  1  1  1  1  1  1  1  1  1  1  1  1  1  1  1  1  1  1  1
  1  1  1  0  0  0  0  0  0  0  0  0  0  0  0  0  0  0  0  0  0  1  1  1  1
  1  1  1  1  1  1  1  1  1  1  1  1  0  0  0  0  0  0  0  0  1  1

# Co-Latitude Range:  45.000 to  50.000 deg.
  1  1  1  1  1  1  1  1  1  1  1  1  1  1  1  1  1  1  1  1  1  1  1  1  1
  1  1  1  1  0  0  0  0  0  0  0  0  0  0  0  0  0  0  0  0  0  0  1  1  1
  1  1  1  1  1  1  1  1  1  0  0  0  0  0  0  0  0  0  0  0  1  1

# Co-Latitude Range:  50.000 to  55.000 deg.
  1  1  1  1  1  1  1  1  1  1  1  1  1  1  1  1  1  1  1  1  1  1  1  1  1
  1  1  1  0  0  0  0  0  0  0  0  0  0  0  0  0  0  0  0  0  0  1  1  1  1
  1  1  1  1  1  1  1  0  0  0  0  0  0  0  0  0  0  0  0  0  1  1

# Co-Latitude Range:  55.000 to  60.000 deg.
  1  1  1  1  1  1  1  1  1  1  1  1  1  1  1  1  1  1  1  1  1  1  1  1  0
  0  0  0  0  0  0  0  0  0  0  0  0  0  0  0  0  0  0  0  0  0  0  0  1  1
  1  1  1  1  1  0  0  0  0  0  0  0  0  0  0  0  0  0  0  0  1  1

# Co-Latitude Range:  60.000 to  65.000 deg.
  1  1  1  1  1  1  1  1  1  1  1  1  1  1  1  1  1  1  1  1  1  1  1  1  0
  0  0  0  0  0  0  0  0  0  0  0  0  0  0  0  0  0  0  0  0  0  0  0  0  0
  1  1  1  0  0  0  0  0  0  0  0  0  0  0  0  0  0  0  0  1  1  1

# Co-Latitude Range:  65.000 to  70.000 deg.
  1  1  1  1  1  1  1  1  1  1  1  1  0  0  1  1  1  1  1  1  1  1  1  0  0
  0  0  0  0  0  0  0  0  0  0  0  0  0  0  0  0  0  0  0  0  0  0  0  0  0
  1  0  0  0  0  0  0  0  0  0  0  0  0  0  0  0  0  0  1  1  1  1

# Co-Latitude Range:  70.000 to  75.000 deg.
  1  1  1  1  1  1  1  1  1  1  1  0  0  0  1  1  1  0  0  1  1  1  0  0  0
  0  0  0  0  0  0  0  0  0  0  0  0  0  0  0  0  0  0  0  0  0  0  0  0  0
  0  0  1  0  0  0  0  0  0  0  0  0  0  0  0  0  0  0  1  1  1  1

# Co-Latitude Range:  75.000 to  80.000 deg.
  1  1  1  1  1  1  1  1  1  0  0  0  0  0  0  1  0  0  0  0  0  1  0  0  0
  0  0  0  0  0  0  0  0  0  0  0  0  0  0  0  0  0  0  0  0  0  0  0  0  0
  0  0  0  0  1  0  0  0  0  0  0  0  0  0  0  0  0  0  0  1  1  1

# Co-Latitude Range:  80.000 to  85.000 deg.
  1  1  1  1  1  1  1  1  1  1  0  0  0  0  0  0  0  0  0  0  1  0  0  0  1
  0  0  0  0  0  0  0  0  0  0  0  0  0  0  0  0  0  0  0  0  0  0  0  0  0
  0  0  0  0  0  0  1  1  1  1  0  0  0  0  0  0  0  0  0  0  1  1

# Co-Latitude Range:  85.000 to  90.000 deg.
  0  0  1  1  1  1  1  1  1  0  0  0  0  0  0  0  0  0  0  0  1  0  1  1  0
  0  0  0  0  0  0  0  0  0  0  0  0  0  0  0  0  0  0  0  0  0  0  0  0  0
  0  0  0  0  0  0  1  1  1  1  1  1  0  0  0  0  0  0  0  0  0  0

# Co-Latitude Range:  90.000 to  95.000 deg.
  0  0  1  1  1  1  1  1  0  0  0  0  0  0  0  0  0  0  0  0  1  1  1  1  1
  0  1  1  0  0  0  0  0  0  0  0  0  0  0  0  0  0  0  0  0  0  0  0  0  0
  0  0  0  0  0  0  0  0  0  1  1  1  1  1  0  0  0  0  0  0  0  0

# Co-Latitude Range:  95.000 to 100.000 deg.
  0  0  1  1  1  1  1  1  0  0  0  0  0  0  0  0  0  0  0  0  0  1  1  0  0
  0  0  0  1  1  1  0  0  0  0  0  0  0  0  0  0  0  0  0  0  0  0  0  0  0
  0  0  0  0  0  1  1  1  1  1  1  1  1  1  1  1  0  0  0  0  0  0

# Co-Latitude Range: 100.000 to 105.000 deg.
  0  0  1  1  1  1  1  1  1  0  0  0  0  0  0  0  0  0  0  0  0  0  0  0  0
  0  1  0  1  0  0  0  0  0  0  0  0  0  0  0  0  0  0  0  0  0  0  0  0  0
  0  0  0  0  1  1  1  1  1  1  1  1  1  1  0  0  0  0  0  0  0  0

# Co-Latitude Range: 105.000 to 110.000 deg.
  0  0  1  1  1  1  1  1  0  0  0  0  0  0  0  0  0  0  0  0  0  0  0  0  1
  1  1  1  1  1  0  0  0  0  0  0  0  0  0  0  0  0  0  0  0  0  0  0  0  0
  0  0  0  0  0  0  1  1  1  1  1  1  1  1  1  0  0  0  0  0  0  0

# Co-Latitude Range: 110.000 to 115.000 deg.
  0  0  0  1  1  1  1  1  0  1  0  0  0  0  0  0  0  0  0  0  0  0  0  1  1
  1  1  1  1  1  0  0  0  0  0  0  0  0  0  0  0  0  0  0  0  0  0  0  0  0
  0  0  0  0  0  0  0  1  1  1  1  1  1  1  0  0  0  0  0  0  0  0

# Co-Latitude Range: 115.000 to 120.000 deg.
  0  0  0  1  1  1  1  0  0  0  0  0  0  0  0  0  0  0  0  0  0  0  1  1  1
  1  1  1  1  1  0  0  0  0  0  0  0  0  0  0  0  0  0  0  0  0  0  0  0  0
  0  0  0  0  0  0  0  1  1  1  1  1  1  1  0  0  0  0  0  0  0  0

# Co-Latitude Range: 120.000 to 125.000 deg.
  0  0  0  1  1  1  0  0  0  0  0  0  0  0  0  0  0  0  0  0  0  0  1  1  1
  0  0  1  1  1  1  0  0  0  0  0  0  0  0  0  0  0  0  0  0  0  0  0  0  0
  0  0  0  0  0  1  1  1  1  1  1  1  1  0  0  0  0  0  0  0  0  0

# Co-Latitude Range: 125.000 to 130.000 deg.
  0  0  0  0  0  0  0  0  0  0  0  0  0  0  0  0  0  0  0  0  0  0  0  0  0
  0  0  0  1  1  1  0  0  0  1  1  0  0  0  0  0  0  0  0  0  0  0  0  0  0
  0  0  0  0  0  0  0  1  1  1  1  1  1  1  0  0  0  0  0  0  0  0

# Co-Latitude Range: 130.000 to 135.000 deg.
  0  0  0  0  0  0  0  0  0  0  0  0  0  0  0  0  0  0  0  0  0  0  0  0  0
  0  0  0  0  0  0  0  1  1  1  1  0  0  0  0  0  0  0  0  0  0  0  0  0  0
  0  0  0  0  0  0  1  1  1  0  0  0  0  0  0  0  0  0  0  0  0  0

# Co-Latitude Range: 135.000 to 140.000 deg.
  0  0  0  0  0  0  0  0  0  0  0  0  0  0  0  0  0  0  0  0  0  0  0  0  0
  0  0  0  0  0  0  0  0  0  0  0  0  0  0  0  0  0  0  0  0  0  0  0  0  0
  0  0  0  0  0  0  1  1  1  1  0  0  0  0  0  0  0  0  0  0  0  0

# Co-Latitude Range: 140.000 to 145.000 deg.
  0  0  0  0  0  0  0  0  0  0  0  0  0  0  0  0  0  0  0  0  0  0  0  0  0
  0  0  0  0  0  0  0  0  0  0  0  0  0  0  0  0  0  0  0  0  0  0  0  0  0
  0  0  0  0  0  0  1  1  0  0  0  0  0  0  0  0  0  0  0  0  0  0

# Co-Latitude Range: 145.000 to 150.000 deg.
  0  0  0  0  0  0  0  0  0  0  0  0  0  0  0  0  0  0  0  0  0  0  0  0  0
  0  0  0  0  0  0  0  0  0  0  0  0  0  0  0  0  0  0  0  0  0  0  0  0  0
  0  0  0  0  0  0  0  0  0  0  0  0  0  0  0  0  0  0  0  0  0  0

# Co-Latitude Range: 150.000 to 155.000 deg.
  0  0  0  0  0  0  0  0  0  0  0  0  0  0  0  0  0  0  0  0  0  0  0  0  0
  0  0  0  0  0  0  0  0  0  0  0  0  0  0  0  0  0  0  0  0  0  0  0  0  0
  0  0  0  0  0  0  0  0  0  0  0  0  0  0  0  0  0  0  0  0  0  0

# Co-Latitude Range: 155.000 to 160.000 deg.
  0  0  0  0  0  0  0  1  1  1  1  0  0  0  0  0  0  0  1  1  1  1  1  1  1
  0  0  0  0  0  0  0  0  0  0  0  0  0  0  0  0  0  0  0  0  0  0  0  0  0
  0  0  0  0  0  0  0  0  0  0  0  0  0  0  0  0  0  0  0  0  0  0

# Co-Latitude Range: 160.000 to 165.000 deg.
  1  1  1  1  1  1  1  1  1  1  1  1  1  1  1  1  1  1  1  1  1  1  1  1  1
  1  1  1  1  1  1  0  0  0  0  0  0  0  0  0  0  0  0  0  0  0  0  0  0  0
  0  0  0  0  0  0  0  0  0  0  0  0  0  0  0  0  0  0  0  0  0  0

# Co-Latitude Range: 165.000 to 170.000 deg.
  1  1  1  1  1  1  1  1  1  1  1  1  1  1  1  1  1  1  1  1  1  1  1  1  1
  1  1  1  1  1  0  0  0  0  0  0  0  0  0  0  0  0  1  1  1  1  1  1  1  1
  1  1  1  1  1  1  1  1  1  1  0  0  0  0  0  0  1  1  1  1  1  1

# Co-Latitude Range: 170.000 to 175.000 deg.
  1  1  1  1  1  1  1  1  1  1  1  1  1  1  1  1  1  1  1  1  1  1  1  1  1
  1  1  1  1  1  1  1  1  1  1  1  1  1  1  1  1  1  1  1  1  1  1  1  1  1
  1  1  1  1  1  1  1  1  1  1  1  1  1  1  1  1  1  1  1  1  1  1

# Co-Latitude Range: 175.000 to 180.000 deg.
  1  1  1  1  1  1  1  1  1  1  1  1  1  1  1  1  1  1  1  1  1  1  1  1  1
  1  1  1  1  1  1  1  1  1  1  1  1  1  1  1  1  1  1  1  1  1  1  1  1  1
  1  1  1  1  1  1  1  1  1  1  1  1  1  1  1  1  1  1  1  1  1  1
#@(#)        LP_grid.LQ     2.1     06 Jun 1996
