# LQ velocity table discretized as index/period
  2   # number of index samples
 41   # number of period samples
   10.00   11.00   12.00   13.00   14.00   15.00   16.00   17.00   18.00   19.00
   20.00   21.00   22.00   23.00   24.00   25.00   26.00   27.00   28.00   29.00
   30.00   31.00   32.00   33.00   34.00   35.00   36.00   37.00   38.00   39.00
   40.00   41.00   42.00   43.00   44.00   45.00   46.00   47.00   48.00   49.00
   50.00
# Velocity for index sample  1
     3.90
     4.01
     4.20
     4.29
     4.31
     4.41
     4.45
     4.50
     4.50
     4.51
     4.51
     4.52
     4.51
     4.51
     4.51
     4.50
     4.50
     4.50
     4.50
     4.50
     4.50
     4.50
     4.50
     4.50
     4.50
     4.50
     4.50
     4.50
     4.50
     4.50
     4.50
     4.50
     4.50
     4.50
     4.50
     4.50
     4.50
     4.50
     4.50
     4.50
     4.50
# Velocity for index sample  2
     3.41
     3.41
     3.42
     3.43
     3.42
     3.42
     3.41
     3.42
     3.41
     3.41
     3.40
     3.416
     3.432
     3.448
     3.464
     3.480
     3.496
     3.512
     3.528
     3.544
     3.560
     3.576
     3.592
     3.608
     3.624
     3.640
     3.656
     3.672
     3.688
     3.704
     3.720
     3.736
     3.752
     3.768
     3.784
     3.800
     3.811
     3.832
     3.848
     3.864
     3.880
#@(#)        LP_vel.LQ     2.1     06 Jun 1996
