# #Lats  #Lons  Spacing (deg.) for LR phase velocity grid indicies
     18     36     10.000

# Co-Latitude Range:   0.000 to  10.000 deg.
  1  1  1  1  1  1  1  1  1  1  1  1  1  1  1  1  1  1  1  1  1  1  1  1  1
  1  1  1  1  1  1  1  1  1  1  1

# Co-Latitude Range:  10.000 to  20.000 deg.
  1  4  4  4  4  4  4  4  4  4  4  4  4  4  4  4  4  4  4  4  4  4  4  4  1
  1  1  4  4  4  4  4  1  0  0  1

# Co-Latitude Range:  20.000 to  30.000 deg.
  4  4  4  4  4  4  4  4  4  4  4  4  5  4  4  5  5  4  5  5  5  5  5  5  4
  4  4  4  4  4  4  4  1  0  0  1

# Co-Latitude Range:  30.000 to  40.000 deg.
  4  4  4  4  4  4  4  4  4  4  5  5  5  5  5  6  6  6  6  6  6  1  1  5  5
  4  4  4  4  4  2  2  1  1  2  2

# Co-Latitude Range:  40.000 to  50.000 deg.
  5  5  5  5  5  5  5  5  5  5  5  5  5  5  6  3  3  2  2  2  2  1  1  1  5
  5  4  4  4  4  2  2  1  1  2  5

# Co-Latitude Range:  50.000 to  60.000 deg.
  5  5  6  5  5  5  5  5  5  5  5  5  5  6  6  3  3  3  3  2  2  2  1  1  5
  5  4  4  3  3  3  2  1  1  2  5

# Co-Latitude Range:  60.000 to  70.000 deg.
  4  4  4  5  5  4  4  4  5  5  5  5  6  1  6  3  3  3  2  2  2  2  1  1  1
  5  5  5  3  3  2  1  0  1  2  4

# Co-Latitude Range:  70.000 to  80.000 deg.
  4  4  4  5  5  0  4  4  2  5  5  1  6  2  6  3  3  3  3  3  2  2  2  1  1
  0  6  6  6  6  2  1  1  2  4  4

# Co-Latitude Range:  80.000 to  90.000 deg.
  4  4  4  5  5  1  2  2  2  6  5  5  6  2  1  3  3  3  3  3  2  2  1  1  1
  0  0  0  5  5  4  2  1  1  2  4

# Co-Latitude Range:  90.000 to 100.000 deg.
  2  4  4  5  2  1  1  1  2  2  6  6  6  5  6  6  3  3  3  3  2  2  1  1  0
  0  0  0  5  4  4  4  2  1  1  1

# Co-Latitude Range: 100.000 to 110.000 deg.
  2  2  4  5  2  1  1  1  2  2  3  3  4  4  5  2  6  2  6  2  2  2  1  1  0
  0  0  1  5  4  4  4  2  1  0  1

# Co-Latitude Range: 110.000 to 120.000 deg.
  2  2  4  2  5  2  1  1  2  2  3  4  4  4  5  2  5  1  6  2  2  2  1  0  0
  0  0  1  2  4  4  2  2  1  0  1

# Co-Latitude Range: 120.000 to 130.000 deg.
  2  2  2  2  1  0  0  0  1  1  2  2  2  4  5  2  5  6  2  2  2  2  1  1  0
  0  0  0  1  4  3  2  2  1  0  1

# Co-Latitude Range: 130.000 to 140.000 deg.
  1  1  1  0  1  2  1  1  0  0  0  0  1  1  1  2  6  5  2  2  2  2  2  1  0
  0  1  0  5  4  3  2  2  1  0  1

# Co-Latitude Range: 140.000 to 150.000 deg.
  0  1  1  1  2  2  1  1  1  1  1  1  1  1  0  1  2  2  2  2  1  0  0  0  0
  1  2  1  5  5  2  2  1  6  1  0

# Co-Latitude Range: 150.000 to 160.000 deg.
  1  2  2  2  4  4  4  4  4  4  4  4  4  2  1  0  0  0  0  0  0  1  2  2  2
  2  2  2  1  5  5  1  2  2  2  1

# Co-Latitude Range: 160.000 to 170.000 deg.
  4  4  4  4  4  4  4  4  4  4  4  4  4  4  4  5  5  5  5  5  5  5  5  5  5
  5  5  5  5  5  5  5  4  4  4  4

# Co-Latitude Range: 170.000 to 180.000 deg.
  4  4  4  4  4  4  4  4  4  4  4  4  4  4  4  4  4  4  4  4  4  4  4  4  4
  4  4  4  4  4  4  4  4  4  4  4
#@(#)        LP_grid.LR     2.1     06 Jun 1996
