# LR velocity table discretized as index/period
  7	# number of index samples
 28	# number of period samples
   17.00   18.00   20.00   22.00   24.00   26.00   29.00   32.00   35.00   38.00
   42.00   46.00   51.00   56.00   63.00   70.00   78.00   87.00   90.00  111.00
  127.00  145.00  167.00  193.00  223.00  259.00  300.00  400.00
# Velocity for index sample  0 
     3.588
     3.620
     3.704
     3.762
     3.798
     3.821
     3.843
     3.847
     3.845
     3.836
     3.819
     3.799
     3.772
     3.746
     3.714
     3.690
     3.670
     3.657
     3.649
     3.642
     3.632
     3.617
     3.590
     3.554
     3.524
     3.541
     3.669
     4.350
# Velocity for index sample  1 
     3.599
     3.694
     3.820
     3.899
     3.950
     3.979
     4.002
     4.008
     4.005
     3.995
     3.976
     3.953
     3.927
     3.899
     3.863
     3.831
     3.799
     3.770
     3.743
     3.718
     3.694
     3.671
     3.643
     3.611
     3.586
     3.606
     3.727
     4.350
# Velocity for index sample  2 
     3.498
     3.622
     3.762
     3.847
     3.905
     3.947
     3.992
     4.024
     4.046
     4.061
     4.063
     4.055
     4.043
     4.023
     3.992
     3.958
     3.919
     3.879
     3.836
     3.794
     3.753
     3.715
     3.673
     3.631
     3.601
     3.620
     3.742
     4.350
# Velocity for index sample  3 
     2.990
     3.253
     3.506
     3.665
     3.763
     3.831
     3.912
     3.972
     4.013
     4.040
     4.064
     4.074
     4.073
     4.062
     4.037
     4.007
     3.972
     3.934
     3.893
     3.850
     3.806
     3.761
     3.710
     3.657
     3.617
     3.628
     3.745
     4.350
# Velocity for index sample  4 
     2.962
     2.958
     2.950
     3.024
     3.098
     3.172
     3.283
     3.374
     3.455
     3.536
     3.634
     3.722
     3.818
     3.858
     3.899
     3.920
     3.936
     3.954
     3.952
     3.928
     3.896
     3.854
     3.797
     3.743
     3.666
     3.645
     3.706
     4.350
# Velocity for index sample  5 
     2.760
     2.770
     2.780
     2.790
     2.810
     2.830
     2.840
     2.870
     2.950
     3.070
     3.170
     3.250
     3.300
     3.380
     3.520
     3.560
     3.620
     3.690
     3.710
     3.700
     3.680
     3.700
     3.780
     3.580
     3.550
     3.470
     3.610
     4.350
# Velocity for index sample  6 
     2.700
     2.720
     2.750
     2.770
     2.790
     2.820
     2.840
     2.860
     2.880
     2.900
     2.920
     2.940
     2.960
     2.980
     3.000
     3.040
     3.070
     3.100
     3.130
     3.170
     3.218
     3.419
     3.515
     3.623
     3.526
     3.475
     3.699
     4.350
#@(#)        LP_vel.LR     2.1     06 Jun 1996
