# #Lats  #Lons  Spacing (deg.) for grid indicies
    36     72      5.0

# Co-Latitude Range:   0.00 to  5.00 deg.
2 2 1 1 1 1 1 1 1 1 1 1 2 2 2 2 2 2 2 2 3 3 3 3 3 3 3 2 2 2 2 2 3 3 3 3 3 3 3 3 3 129 129 129 129 129 3 3 2 2 2 2 2 2 3 3 4 4 3 3 3 3 2 2 3 3 3 3 3 3 3 3

# Co-Latitude Range:   5.00 to 10.00 deg.
2 2 3 3 3 3 4 5 113 113 113 113 113 113 5 5 5 5 5 4 3 3 2 1 2 3 3 3 3 3 5 5 139 139 139 5 3 3 3 5 5 3 3 4 5 139 139 139 139 139 139 139 139 5 124 43 43 43 43 43 44 44 44 44 44 45 44 44 43 23 3 3

# Co-Latitude Range:  10.00 to 15.00 deg.
2 21 118 118 23 24 24 25 25 26 26 25 25 25 25 25 25 24 23 118 118 118 23 112 113 113 112 23 23 23 23 112 112 113 139 139 3 3 23 24 5 139 139 139 139 139 139 115 122 122 122 122 122 124 43 43 118 24 43 44 47 47 48 48 47 46 45 44 25 26 24 3

# Co-Latitude Range:  15.00 to 20.00 deg.
0 2 113 27 25 25 25 26 26 26 122 118 25 26 29 37 34 40 40 37 37 37 38 38 33 34 22 123 123 123 23 24 24 23 23 23 23 23 24 25 114 114 139 139 139 139 27 42 42 42 42 42 42 42 42 42 42 24 113 5 24 44 48 49 50 46 44 43 24 1 2 0

# Co-Latitude Range:  20.00 to 25.00 deg.
3 132 23 59 59 59 43 54 36 34 33 37 95 36 34 37 37 30 55 54 54 56 56 39 38 43 43 43 135 135 136 135 136 136 136 136 123 118 22 83 136 138 138 137 138 54 53 43 42 43 43 43 43 43 43 43 43 43 43 118 113 22 44 47 47 118 118 12 16 20 3 2

# Co-Latitude Range:  25.00 to 30.00 deg.
24 124 59 59 57 57 59 60 33 33 36 36 93 30 34 30 30 34 55 55 54 53 33 38 34 34 53 43 43 135 136 136 135 135 137 118 24 22 23 82 82 77 77 77 77 105 93 53 52 43 43 43 43 52 42 42 52 52 52 24 4 124 46 46 2 1 0 12 17 20 131 23

# Co-Latitude Range:  30.00 to 35.00 deg.
24 83 59 59 59 39 33 33 38 33 33 32 41 38 38 38 38 33 68 69 65 67 68 42 43 43 52 43 22 22 24 77 77 144 145 145 145 22 22 22 118 22 2 2 111 79 105 106 36 41 41 43 43 43 42 42 43 43 43 118 14 3 2 2 2 0 1 140 130 131 22 83

# Co-Latitude Range:  35.00 to 40.00 deg.
23 82 82 31 38 33 33 59 33 33 38 37 36 36 36 33 33 33 61 61 53 126 63 43 43 52 52 135 71 23 23 77 144 144 146 146 145 144 145 3 2 0 0 1 1 2 123 78 106 32 32 36 43 43 43 43 43 58 58 58 58 24 3 2 1 0 1 2 3 23 83 83

# Co-Latitude Range:  40.00 to 45.00 deg.
84 94 94 83 83 36 33 33 38 133 29 30 36 36 39 39 36 41 60 63 63 63 63 135 137 135 135 135 71 24 145 144 142 142 140 140 140 140 140 140 140 140 0 0 0 0 2 77 105 61 62 62 36 43 56 43 58 58 105 124 98 24 24 2 140 0 0 0 140 2 24 84

# Co-Latitude Range:  45.00 to 50.00 deg.
82 15 83 82 85 82 128 128 97 97 34 38 33 93 93 96 97 93 93 93 105 42 42 42 43 42 123 3 72 145 144 142 142 142 142 140 142 140 140 140 140 0 0 0 0 0 1 77 84 83 97 32 41 41 32 32 105 105 24 114 139 5 5 3 140 0 0 0 140 2 83 85

# Co-Latitude Range:  50.00 to 55.00 deg.
14 19 114 19 113 124 93 93 93 93 29 31 31 38 93 93 97 107 107 96 105 34 53 54 24 53 145 70 75 142 142 142 142 142 142 142 142 140 140 140 140 140 140 140 0 0 0 111 84 84 62 32 32 41 32 106 105 139 4 2 2 2 140 140 0 0 11 140 140 2 85 85

# Co-Latitude Range:  55.00 to 60.00 deg.
67 31 122 114 114 115 115 67 66 31 93 93 93 36 93 108 108 108 107 96 53 54 82 82 23 23 70 2 144 142 142 143 142 142 142 143 142 142 142 142 140 140 140 140 140 0 0 0 111 84 126 35 35 37 98 105 25 3 142 142 140 140 0 0 0 0 140 140 13 3 123 67

# Co-Latitude Range:  60.00 to 65.00 deg.
67 53 65 65 33 67 67 64 65 31 31 93 93 38 64 65 67 67 38 93 106 82 82 84 24 112 2 0 144 142 142 142 142 142 142 142 142 142 142 140 140 140 140 0 0 0 0 0 0 111 84 84 125 28 27 25 25 2 142 140 140 140 0 0 0 140 140 142 13 66 54 53

# Co-Latitude Range:  65.00 to 70.00 deg.
58 58 68 63 53 63 63 127 63 33 37 67 3 23 53 52 63 67 37 96 93 82 82 112 75 0 140 0 144 142 142 142 142 142 142 142 142 142 142 140 141 140 140 140 140 0 0 0 0 0 112 78 25 114 113 70 73 4 142 140 140 0 0 0 140 140 142 2 113 65 67 65

# Co-Latitude Range:  70.00 to 75.00 deg.
61 68 65 68 52 63 63 68 127 68 33 2 3 3 123 43 118 117 117 93 93 33 112 2 70 0 0 0 0 144 142 142 142 142 142 143 142 142 142 142 142 140 140 140 140 0 0 0 0 0 0 112 78 80 78 145 146 70 144 144 140 0 0 0 140 140 142 143 113 64 65 65

# Co-Latitude Range:  75.00 to 80.00 deg.
52 63 68 42 52 65 68 52 68 111 3 1 2 2 141 43 139 139 113 24 38 33 1 2 72 140 0 0 144 142 143 142 142 142 142 142 142 142 142 142 140 140 140 140 0 0 0 0 0 0 0 0 0 2 80 113 146 113 23 24 139 2 0 0 140 140 142 2 113 65 52 52

# Co-Latitude Range:  80.00 to 85.00 deg.
68 65 52 68 52 64 65 52 65 65 3 0 0 0 141 13 15 4 112 23 124 23 3 113 72 112 140 0 0 143 143 142 142 142 142 142 142 142 142 142 140 140 140 140 0 0 0 0 0 0 0 0 0 0 11 111 118 98 42 53 24 114 4 1 0 0 140 141 2 123 43 52

# Co-Latitude Range:  85.00 to 90.00 deg.
3 4 43 65 67 43 63 52 67 116 3 140 0 0 12 140 3 3 3 118 118 22 23 23 145 111 140 0 12 0 142 13 142 142 142 142 142 143 142 142 143 140 140 140 1 1 0 0 0 0 0 0 0 0 0 0 124 36 43 43 43 43 25 3 1 0 0 1 140 140 2 3

# Co-Latitude Range:  90.00 to 95.00 deg.
140 4 64 67 66 68 52 68 114 3 2 140 0 0 11 2 3 2 2 112 72 22 22 113 112 111 76 74 74 144 144 13 17 17 142 142 142 142 142 142 142 140 140 140 0 0 0 0 0 0 0 0 0 11 0 2 98 33 36 36 33 36 33 124 22 2 140 140 0 0 0 140

# Co-Latitude Range:  95.00 to 100.00 deg.
140 3 118 64 52 63 43 65 5 3 140 130 0 0 11 140 140 140 0 140 145 112 72 72 72 70 111 23 76 74 144 146 143 142 142 142 142 142 142 142 142 142 140 140 141 0 0 0 0 0 0 0 0 0 0 0 105 33 36 36 43 43 42 42 43 2 140 140 0 0 0 140

# Co-Latitude Range:  100.00 to 105.00 deg.
140 2 118 52 52 63 42 63 113 4 140 140 130 0 0 140 140 140 140 140 142 142 2 13 112 24 118 24 118 14 2 140 144 146 140 140 144 144 140 140 143 142 140 140 0 0 0 0 0 0 0 0 0 0 0 0 123 109 38 39 39 39 43 43 124 2 140 0 0 0 0 140

# Co-Latitude Range:  105.00 to 110.00 deg.
140 2 123 67 61 63 63 118 112 63 140 130 130 0 0 0 140 141 140 140 142 142 132 139 124 61 58 58 58 132 14 141 144 146 140 141 144 144 140 140 142 140 141 141 0 0 0 0 0 0 0 0 0 0 0 0 0 123 110 38 39 36 52 43 23 140 140 0 0 0 0 0

# Co-Latitude Range:  110.00 to 115.00 deg.
140 141 4 65 67 43 67 113 113 68 140 12 0 0 0 0 0 140 140 140 142 142 113 42 65 67 61 61 61 137 14 13 14 13 0 1 144 144 140 140 142 140 140 0 0 0 0 0 0 0 0 0 0 0 0 0 0 0 110 34 36 38 42 118 3 2 140 140 0 0 0 140

# Co-Latitude Range:  115.00 to 120.00 deg.
140 142 112 68 68 43 65 2 142 18 140 140 0 0 0 0 0 140 140 140 142 142 113 43 43 65 65 33 137 137 137 2 132 13 0 1 144 144 140 140 142 140 140 0 0 0 0 0 0 0 0 0 0 0 0 0 0 1 110 33 36 53 24 4 2 140 140 0 0 0 0 0

# Co-Latitude Range:  120.00 to 125.00 deg.
140 142 3 113 67 124 13 142 141 140 140 0 0 0 0 0 0 1 140 11 140 142 131 42 43 22 23 63 137 135 118 140 131 13 144 144 140 140 140 142 142 140 140 140 0 0 0 0 0 0 0 0 0 0 0 0 0 123 81 33 42 118 139 3 2 140 140 0 0 0 0 140

# Co-Latitude Range:  125.00 to 130.00 deg.
140 140 142 2 111 131 2 140 140 0 0 140 0 0 0 0 0 0 0 0 0 0 0 140 140 1 2 22 137 135 140 140 140 130 146 75 140 140 140 140 140 140 140 140 0 0 0 0 0 0 0 0 0 0 0 0 0 79 36 36 118 113 3 3 2 140 0 0 0 0 0 140

# Co-Latitude Range:  130.00 to 135.00 deg.
140 140 140 140 140 140 140 0 11 0 140 140 140 0 0 11 0 0 0 0 0 0 0 0 0 0 0 0 1 135 2 2 140 146 75 131 130 140 140 140 140 140 140 140 140 0 0 0 0 0 0 0 0 0 0 0 0 79 36 23 24 3 3 4 2 2 1 0 0 0 0 140

# Co-Latitude Range:  135.00 to 140.00 deg.
0 140 140 140 140 140 0 11 140 140 141 140 140 17 12 1 0 0 0 0 0 0 0 0 0 0 0 0 0 111 2 140 140 74 131 130 140 140 140 140 140 140 140 140 140 0 0 0 0 0 0 0 0 0 0 0 1 78 118 22 23 2 3 3 2 2 1 0 0 0 0 0

# Co-Latitude Range:  140.00 to 145.00 deg.
0 0 0 0 0 0 140 140 140 140 140 140 140 2 18 0 0 0 0 0 0 0 0 0 0 0 0 0 0 0 0 0 140 130 130 140 140 140 140 0 0 0 0 0 0 0 0 0 0 0 0 0 0 0 0 0 1 77 118 22 118 134 3 3 14 2 142 140 0 0 0 0

# Co-Latitude Range:  145.00 to 150.00 deg.
0 140 140 140 140 140 142 142 2 2 140 140 1 2 17 18 13 2 0 0 0 0 0 1 1 1 0 0 0 0 0 0 140 140 140 140 140 140 0 0 0 0 0 0 0 0 0 0 0 0 0 0 0 140 140 0 0 0 0 0 0 0 1 1 0 0 0 1 0 0 0 0

# Co-Latitude Range:  150.00 to 155.00 deg.
140 140 140 140 2 2 3 2 2 2 2 3 3 4 3 3 12 2 2 2 2 2 3 3 3 3 2 2 2 1 0 0 3 0 0 0 0 0 0 0 0 0 0 0 0 0 0 140 140 140 140 140 140 140 140 140 0 1 1 64 64 12 12 1 140 0 1 1 140 140 140 140

# Co-Latitude Range:  155.00 to 160.00 deg.
111 111 111 111 2 3 14 14 118 118 43 43 118 118 113 113 118 43 43 43 43 43 43 43 43 43 43 43 43 118 118 118 12 1 1 1 0 0 0 0 0 1 1 1 0 140 140 111 111 111 111 2 111 111 111 111 111 111 64 64 20 111 111 2 2 2 2 2 2 2 2 111

# Co-Latitude Range:  160.00 to 165.00 deg.
45 45 45 45 45 45 47 47 47 48 48 48 48 48 47 48 49 49 50 50 50 50 51 50 51 51 50 49 49 50 49 103 101 87 3 4 2 2 2 2 111 111 111 111 111 111 111 112 112 112 112 112 120 120 119 119 119 99 99 99 23 112 112 112 3 3 3 112 111 120 45 46

# Co-Latitude Range:  165.00 to 170.00 deg.
48 48 48 48 49 49 50 50 50 50 50 50 49 49 49 48 48 48 48 49 50 50 50 50 51 50 50 49 49 50 104 103 121 112 112 113 111 112 113 112 86 87 88 88 89 90 90 91 91 91 92 91 92 92 91 90 89 100 99 44 119 119 23 23 23 119 45 45 46 46 47 47

# Co-Latitude Range:  170.00 to 175.00 deg.
46 47 48 49 49 48 48 49 49 49 49 49 49 49 49 49 48 49 49 49 50 50 49 49 49 49 49 48 48 47 102 101 100 99 87 87 87 87 87 88 88 88 88 88 89 89 90 91 91 92 92 48 48 48 47 48 47 46 45 45 46 45 45 45 46 46 46 46 46 46 47 47

# Co-Latitude Range:  175.00 to 180.00 deg.
49 49 49 49 49 49 49 49 49 49 49 48 49 49 49 49 49 49 50 50 50 50 50 50 50 50 49 49 49 104 103 103 102 102 101 101 101 101 101 102 102 102 103 103 103 103 103 103 103 103 103 103 103 103 103 103 103 102 47 47 47 48 49 49 49 49 49 48 48 48 48 49

